728
1092
9830
2969
5209
5855
2336
3693
620
4857
1902
575
2368
7805
2975
6886
3667
7996
3446
577
6562
1375
1219
1342
6111
2793
7452
4713
8774
6656
2652
8860
5834
9236
8520
5148
4945
3587
2391
1945
6815
753
5678
585
2235
6250
8403
1138
6063
1891
913
4329
2420
2252
987
723
4016
7581
4961
9973
9318
4617
9226
1731
5798
2333
6951
3000
1498
5025
9011
6679
735
4762
4089
1373
7095
3140
3233
2095
1878
7823
3484
4846
7993
4136
3338
6882
9330
6996
7548
3258
2209
9339
1869
6289
1944
6970
8041
4104
6627
5780
5730
9770
4196
7481
7590
3885
2723
2545
5190
7450
9458
2112
8629
7171
1826
6306
5855
7658
9493
5238
8083
1681
6705
8257
7105
6122
1336
8122
4153
5316
2888
9618
3687
3748
8367
658
8946
7075
2497
6303
1204
4793
6819
1512
5197
5453
8060
5321
4934
9352
476
5014
5248
1491
3515
7384
2786
5343
6505
4085
1887
8296
1248
4428
5965
6333
900
1562
1377
4752
7706
6734
4815
8597
6613
3842
9617
6636
2627
5941
2861
8783
1741
8684
8326
7022
2144
8359
346
2138
7071
8707
1996
5265
5679
3305
8330
5873
5567
9729
1743
6562
1803
2006
5349
6471
1437
632
8489
639
822
3519
5633
6886
6784
4208
7119
2042
861
9889
7417
1164
9201
2457
5329
4440
5660
5708
3604
2045
7682
140
6585
609
1308
5337
8669
4567
9495
9356
9038
2025
1134
460
8436
1339
1553
8050
1824
7240
1039
5340
3614
4920
3904
9192
8094
231
97
8561
8155
7930
9057
5334
5496
5117
424
2584
4097
8684
7351
3463
1105
7845
4176
5011
3330
6284
3709
2868
5255
3250
9880
5416
8912
2593
2116
7098
8501
1936
7958
6891
244
7043
8063
2586
7404
3267
7843
4510
7866
929
9151
4516
1006
7872
111
3716
6758
4511
2565
220
3955
7052
1938
1691
7235
7988
2597
5250
7393
1579
2516
4892
4158
2272
1356
7553
8219
6656
6527
7666
1614
4039
5571
5323
5696
7101
614
7385
7985
1953
5453
1214
2500
3922
1839
273
2889
2786
6759
901
2786
1857
5040
6614
8366
3439
9094
3
5094
5518
3650
7404
655
551
9846
1070
8428
2141
1639
6125
7180
556
2460
2663
7190
8199
3469
6907
2701
4480
7123
802
193
9210
4371
6398
205
305
6942
8133
2373
3333
3179
8620
9439
3696
1647
7674
7580
5919
1004
3737
9196
7053
4397
1397
6713
5657
8184
7357
9442
2972
6402
9945
5206
182
1149
4600
5361
4197
7872
7365
3666
3990
6901
3123
8996
384
1180
4763
2600
4595
8950
6499
5185
3438
2526
7543
566
1574
58
9516
1659
4097
4933
9142
4352
5078
3647
2200
9177
9706
9730
1569
330
9959
1235
5111
7577
5873
4406
8094
9500
7705
774
9607
4633
2056
6317
2978
8523
4441
3664
5524
237
8683
6545
859
8733
7776
8518
6405
703
3347
9595
7903
9673
8712
1600
1113
3371
5281
5608
469
5686
4055
5871
9755
3766
9
6079
777
127
3025
1971
4207
1700
5971
4750
5278
5894
5467
225
3069
7140
1737
8236
942
1614
7831
1936
4539
6913
9843
7567
9247
2258
8918
5837
8403
5557
4806
8212
4689
587
5871
5669
9192
2777
1869
7752
222
5807
9282
9498
4595
1661
3505
1704
9369
6917
1993
6471
1766
8999
8185
7413
1881
3410
3299
3951
913
2920
3530
1568
8379
3106
1688
4592
122
2457
3447
4748
1387
6182
9853
5765
5063
1045
2865
7740
5324
2942
5976
3843
5824
7589
1476
6918
9387
9181
2256
8933
5267
1211
1968
3476
1361
1918
5222
3417
3039
2587
8979
9389
7610
9253
1070
4095
7102
1226
6564
6871
7280
2197
8167
2288
1372
8306
7088
3797
1338
9913
6599
6573
4606
8381
2092
5671
1623
6889
9866
3316
2369
669
1526
5570
9207
6885
1913
8895
4617
2695
2676
239
3887
8744
2680
950
816
6148
7506
6455
7752
8009
9958
597
5715
7624
8745
4213
8029
422
5078
6962
6017
1277
5278
653
760
5692
2538
2552
7827
8158
8971
3845
2461
1888
9759
7265
2575
7457
6679
7909
3819
7077
6624
8591
4970
1196
6684
5639
3963
6434
4097
7774
4498
5906
1366
6892
5248
3445
4011
6254
3174
6020
7351
3305
3665
8954
9827
7232
4950
7254
1394
1548
5333
8653
4332
2879
6392
725
4312
283
7388
5913
5257
1082
793
9336
2831
2974
2493
4050
1724
242
425
121
4088
7590
4825
4692
6811
8999
2052
890
7940
3205
2648
5636
1951
7220
5638
8098
2866
8838
7034
7163
7273
2658
1644
4228
7630
7229
9729
9240
5855
6187
6115
4040
5610
2443
8179
4772
391
1604
4339
3060
9713
3325
7031
5379
4351
3602
6211
3210
7236
6124
5518
7006
929
1214
2956
7601
317
319
3815
9361
1696
7677
5425
8659
7496
5586
6252
8335
1096
2810
7912
6664
9602
5042
8210
6673
769
1252
6248
7835
6347
183
9883
8325
4174
5295
9983
8909
8809
1432
7252
1845
4957
8033
925
4828
3682
3773
8800
7592
8495
6186
9767
9753
9708
8537
7901
7983
2418
1441
9883
1113
2309
1427
550
5591
9832
5877
6090
3398
7822
6477
9441
7953
4296
813
1539
5831
3379
2787
5054
8746
8828
3908
123
7733
8905
9985
7643
8414
8045
4456
2978
9907
976
8541
6945
7046
6401
992
9835
1768
6426
6573
7848
9023
2473
5342
1348
4079
4599
6647
6299
5716
5252
5508
3127
6272
9846
904
1221
8248
9257
8785
5101
8480
6165
7915
3928
5448
6196
5265
21
4211
5261
7730
7965
3078
3435
2517
220
2749
3103
6199
4223
5996
2553
9974
1222
9708
2820
5677
6851
5794
7611
4059
2616
9913
9347
6607
2633
6822
4901
2862
1071
7887
8357
8198
8728
3630
4202
6939
4029
775
5769
2557
5369
6642
9672
1835
6728
949
7651
3990
1810
4651
3997
3934
8022
2574
1564
1700
578
1775
9634
5051
9543
1894
8374
8377
1922
5084
7113
2469
7381
1527
2240
2381
3796
6041
8743
6316
5096
3550
1161
6164
955
6659
7457
4381
7586
5696
8574
3062
2513
3851
277
617
9332
2475
139
7532
3407
4938
4370
2494
8683
2726
4542
5841
1194
136
9637
3719
4837
1275
185
3508
5387
4779
5489
3895
1792
7569
2985
2372
1666
4541
4064
9674
7715
9969
533
7692
4614
7037
991
8404
8731
3732
9943
1940
9226
4990
2901
9402
4425
5656
86
1808
4933
1316
8317
46
4352
8097
6051
7063
1864
4219
3609
8797
23
769
1467
9824
5904
65
6676
5451
1227
4240
2399
8157
133
2645
6142
8979
7916
4072
5156
7544
3138
7040
4433
2331
3107
6595
1442
6858
7523
122
8227
5148
2464
8609
7580
1844
5677
3125
1067
9077
1689
6018
9676
8600
5686
3181
3631
6359
1171
2586
5399
1688
5935
6511
2246
7020
8494
5194
4532
6845
4553
6441
296
2682
8609
4773
3656
3544
7171
8568
6097
61
8424
7426
1894
4600
7917
1261
8629
6211
9709
4044
4314
7882
9667
5816
8932
9909
1186
2411
1244
8995
7830
3989
8602
9037
4487
9839
8635
9462
4264
3373
8968
5254
666
5297
4808
118
5317
3175
6479
117
9759
7679
9234
405
9356
6125
7098
403
8850
5329
8500
4774
5697
4691
3396
1798
8723
1703
6497
9498
6155
6225
2621
1726
4148
7043
5049
541
3509
6954
9724
6818
9164
5165
41
6084
5998
4393
3479
8437
1013
3904
2752
9266
434
7933
1705
233
6968
5084
669
7433
8936
2868
7387
2144
8900
5133
9972
8662
2437
6532
1123
8335
9775
1032
7669
4251
282
2867
1761
4381
9280
6030
6396
8203
2861
3399
6936
7421
5368
8074
9769
4730
1218
9888
6857
6843
3178
1584
8669
4116
9738
2027
7998
5348
1463
2745
3247
6674
4931
44
3604
9341
739
5039
2325
3077
2643
3113
7892
9179
1375
629
2948
2523
431
9442
184
7942
7602
1947
1063
1013
3190
4620
1911
8042
1800
1681
9621
1584
4506
574
5510
7260
7435
1361
4617
830
8296
5469
7756
3574
1395
2951
5568
5274
2646
9074
5703
2060
8755
5385
7718
8933
6231
2377
673
9081
4624
5872
6895
8233
2784
8569
1763
1327
3604
8141
219
8685
6031
5020
3637
4284
2148
2880
6536
3414
3970
8754
3492
8258
9938
6079
5395
6385
2209
7750
473
6499
8881
3783
9720
5045
1675
8376
4759
5993
2148
653
8258
6018
4851
6487
2334
8379
4085
5892
1577
9431
7854
1335
7155
6009
6697
5541
635
4358
1846
1590
4016
8088
9986
9725
2373
7640
9767
5635
8499
918
6839
1783
7496
6130
6017
1351
6412
1919
1510
6289
5795
6075
7563
858
3099
2525
2610
4455
5861
3301
9021
3124
5978
1122
3208
1407
2696
247
5388
8384
668
8617
5072
9357
7233
4368
1194
949
9424
4814
4461
1004
3113
3095
942
7525
9081
4601
9932
6592
7435
5550
2596
4411
3119
9503
8517
6700
4947
9055
176
2127
842
1210
9519
3713
1985
3367
6690
7102
1797
7324
736
7891
2015
8380
9782
8176
7358
2465
1345
8326
8251
7403
9048
9309
9879
8979
2321
7696
3627
8219
9703
8842
985
4451
6190
6551
5824
8787
7639
630
7176
6306
3527
4479
13
4877
363
5310
1873
3433
1464
4827
8968
9672
8990
4069
7801
2837
998
6323
748
4152
1703
3124
4712
6787
6023
1091
6314
836
7967
7210
1167
6732
703
1265
3283
1438
6262
1544
4964
2771
5335
2357
5210
5951
7708
6459
926
6749
7866
7215
7364
9811
2170
4973
6356
7733
7457
2162
9762
8275
1178
8566
6036
2599
4001
6890
7039
196
5016
2541
6310
4077
7408
5486
5820
7682
6817
562
16
1403
6323
7280
5188
1666
988
8574
2069
4714
2090
8755
4183
4342
3311
5628
4715
3731
8366
1812
2292
2888
5891
1340
258
6769
7872
7089
7199
9129
7450
3051
1116
8067
1748
9782
7259
731
2785
9309
5314
1365
4557
907
388
4558
8847
394
2952
498
8496
7390
7504
7895
2053
2549
3962
5618
5301
7618
3776
4890
1829
8120
1368
9351
5762
2651
6878
3619
8705
8077
5886
3266
6630
7139
3314
267
2475
3916
3165
835
592
4676
6916
888
2585
5688
8333
4591
8154
8502
2844
797
6313
7686
6973
9176
530
7384
5379
1246
178
9657
8342
219
7366
1661
6251
4316
3824
8562
4055
3018
7376
6292
9021
4341
8000
910
8248
1669
601
3133
7416
5782
2116
173
2170
3540
9634
5274
2883
5663
2301
905
2652
3590
3668
9293
5711
4307
7466
7907
9169
5938
2176
7642
3810
5892
7087
2307
728
7486
6870
8591
6772
4964
1548
2982
5499
7134
3201
2077
1766
7266
5114
6042
9564
4752
8443
8200
7979
4554
2330
3458
5676
6657
4303
5521
3507
3766
4695
793
8200
6455
6450
419
2358
6778
4072
5283
1374
9966
6459
9162
4345
6704
4353
9465
8166
3289
9046
8756
6316
6541
8865
7186
8575
5870
8042
6113
8645
906
1614
2333
9226
5871
1738
6551
9717
2109
9032
4539
1360
8296
9887
485
5265
6631
7001
2162
6101
3536
9222
7273
2310
625
7095
6306
1898
4045
956
5748
3662
2912
5823
475
2490
1761
8386
4206
155
1555
1213
9495
6736
3205
2158
7188
5500
881
7793
7883
6856
1989
127
1340
7928
7475
1897
7904
8226
6714
5932
405
8089
7433
8306
3444
5848
4954
8797
8264
1648
9455
3684
5871
6788
7578
8961
315
3559
3553
9577
3513
2226
8643
4883
2641
8626
3949
1384
3254
1943
1556
3575
7553
8749
6042
9936
687
8243
6547
6770
7452
3259
3595
3761
764
2752
7869
2713
5345
842
843
6525
7908
4222
7326
2169
2648
5320
6130
3087
7794
7965
6577
2092
4175
4187
6689
7498
2746
8611
210
9824
8790
6924
28
7909
447
729
3642
1485
4637
9672
3792
6212
5670
7936
2036
6558
8723
9814
347
4360
8998
3201
1672
1310
2569
5408
6688
4960
5509
5753
2444
1538
5084
3451
7151
6925
9063
5278
3268
8858
6821
7716
9608
5359
8158
6579
382
8883
9252
8469
2554
789
4857
4422
7763
943
2848
1696
315
7255
805
1070
7702
1942
6941
280
7371
5765
7743
9834
3463
9000
6704
1106
9658
4184
7095
2111
3102
3251
2410
2739
9512
3424
4194
5024
1638
451
9486
7673
3235
6514
2881
1201
1751
3830
9023
227
8660
762
9180
8577
7774
4560
1424
767
2709
2283
9377
465
5749
1007
2941
3285
1591
9121
4098
5544
599
7727
5519
2652
778
8017
9470
2106
3217
9076
4177
1548
7130
7887
4133
2788
6527
164
2259
7924
7769
49
3616
1275
5657
3870
5143
6531
6347
874
6609
831
357
1293
2660
3603
6289
7724
8819
9835
1357
6754
473
6395
7893
7850
91
9338
5162
4425
1438
8529
7256
9070
6018
409
5143
7804
7464
174
3084
8187
4276
8707
4733
4873
5930
5677
2552
4126
4321
6668
3633
4890
7667
5061
6958
8253
9426
152
3147
8165
1841
5993
5418
1941
2446
2408
3563
5552
4202
1699
5616
6090
1748
9370
8641
9761
8543
8894
3227
2995
3335
7424
711
6142
6809
7388
3578
5722
7044
5618
1323
2142
3468
6419
6859
391
4957
394
5692
3527
4066
3124
5005
1830
6824
7132
4270
3109
8169
7416
1362
3
2129
4389
8279
5654
6314
2059
2652
8
5483
9894
6917
1561
3051
2625
7716
9195
7149
4875
1369
7914
7049
6691
4979
4352
3917
7743
104
7994
7234
5893
3066
8521
6637
8470
7320
7513
1269
3205
5368
7890
4656
1108
9122
3654
9604
190
8116
5389
6789
1611
6848
5925
1904
7658
8113
6563
6449
3305
3551
2948
4364
1117
6054
1394
7913
1873
5341
5289
6401
9451
522
4160
3149
4974
8410
8121
6109
5005
7715
2764
1082
9002
7462
1167
577
3331
303
9152
8959
347
4393
5964
8753
6070
7558
7947
3284
4028
8509
6172
5784
4490
9443
1704
720
6040
8876
542
8857
5479
264
6885
8011
3825
2662
121
1611
4030
7415
3787
7896
4659
6757
7858
6487
4506
4201
2732
892
9951
7892
908
9642
6025
9860
5130
6184
328
4897
9456
948
5900
499
3710
5415
6057
7229
5285
1216
6199
6641
5005
9959
3713
6108
46
588
9140
2524
8
3887
9949
749
1006
7962
5914
9447
6608
2733
5638
3738
5206
5862
2556
1507
3544
9124
3461
3157
9407
8241
4875
3140
7360
2731
5412
9932
1743
6536
9254
3645
4606
8343
6938
8055
3346
7855
5577
2590
2649
5256
2341
6221
1046
7149
3909
7812
5718
9114
509
123
7396
6948
679
8584
8249
5630
7571
6291
4614
5064
7490
7283
4691
8288
4058
5985
2416
4365
9334
4940
8021
9508
3998
1045
8663
5680
6875
5151
9175
4121
2
9692
5206
1846
4018
5196
1426
406
8691
5078
4947
2951
8031
2808
6725
2176
5565
9029
8122
4999
8524
7764
9098
5427
4062
2110
1492
736
8837
6489
4957
3593
5823
3678
7135
3615
4107
912
16
6537
5595
6469
5770
2302
2155
6240
8567
5859
6582
5407
2425
5500
1585
8518
1293
1379
7259
2204
7136
687
8086
688
4612
2848
812
7179
7185
6449
8824
3774
5703
2871
1367
7408
1514
6913
1258
8837
5928
4881
5073
441
1239
1214
2395
9246
3327
1572
264
9531
3608
1411
9982
4329
9959
3279
8880
4569
3235
9936
7300
7992
6685
4088
6071
1368
5520
3691
6866
3137
1243
1599
6096
9533
9956
1643
5085
7685
9614
9378
9337
1028
3228
4546
4959
6739
5405
9474
6071
3389
5293
3651
789
700
7961
9125
7059
7617
1255
7596
3194
1613
7104
1750
4000
9415
8673
6521
9971
5371
2068
9158
7797
9949
4068
2810
7754
548
3286
1651
9151
5235
614
3073
3815
7072
3322
2497
9469
1141
4924
4058
1173
2267
210
6671
7819
6272
4201
9797
7134
8007
9546
4729
3792
6546
9995
8324
3961
2891
1119
2297
8896
8989
7234
303
393
1125
4576
1142
9882
2982
8073
4135
7469
7595
8517
4646
7726
9706
8861
6524
6630
5720
2070
3127
1321
8443
7219
6311
8947
580
5318
7976
7526
3404
7057
3958
8450
1830
1607
7953
7851
8451
9442
4789
5862
8189
3784
7583
6389
3072
1636
2315
1700
7885
5378
347
6987
8070
1288
2249
9851
748
2597
8652
1473
5250
2306
601
7819
8159
3489
9464
1887
4223
2826
7390
848
2402
8427
3134
819
2914
5028
2106
9292
5520
9614
6404
6434
1575
7813
2191
423
3145
350
192
3329
6433
9168
1321
8092
9643
8669
2924
6477
336
6616
4178
1743
315
4496
3624
8197
1956
5144
7397
134
615
9992
3604
5423
5943
2500
9239
1870
2377
4148
3857
7578
9339
4993
6678
4462
6738
2926
6830
6941
8845
6833
4728
4018
58
1708
3655
197
7576
5674
8688
9979
7002
7179
198
7491
2473
4744
5957
911
289
599
1216
3717
8262
86
2406
5229
8981
7659
8976
9313
2656
6798
7090
1407
8424
6039
5419
4964
7536
9258
1853
1087
5675
9877
512
4175
8641
9730
4595
9133
1658
6419
2813
7058
3170
1094
2404
3453
7668
9892
1764
5194
2992
8421
5816
3750
5057
7720
4887
3046
7280
2113
7367
2318
2345
8706
3100
2941
4827
5711
7709
7631
9110
3162
2156
2385
4814
9777
9489
4642
3438
6137
6979
1680
7607
2832
6272
1430
3636
6247
6277
3607
7462
537
6346
912
3543
2007
6045
4671
1661
8902
6580
367
126
6507
7674
1132
4287
8537
2870
9017
9115
4886
7399
114
2240
2976
7390
8042
4797
4846
1458
2361
7537
4726
4254
2186
3428
2336
7772
181
9580
6494
2341
7283
3908
577
9328
7042
3920
8719
7607
9882
705
2167
8441
7097
18
3443
2052
471
333
3895
9126
6940
8350
9460
6277
8093
3279
6456
5014
1651
403
1469
3539
34
8408
4297
1116
3868
7500
168
7128
920
6489
1017
4723
4110
6922
2616
2426
2532
3146
8683
8447
8392
7404
9008
1706
293
6880
4073
4844
8110
3533
6320
3134
8106
9298
9646
8501
4151
5887
3624
5956
3447
8379
1261
2635
6729
886
663
1779
4683
7495
6184
8686
5424
7330
4167
8321
8961
491
1610
5340
5873
2135
4190
5294
6315
5118
1946
7033
5776
2280
8083
1936
90
8485
1916
4349
1642
5737
6971
5285
3834
794
8108
1874
5989
4025
3838
1924
8322
7689
9124
5798
7049
2336
2615
8698
3884
3797
275
7193
7602
832
6708
3834
2075
2265
93
901
7186
6564
7613
5412
3101
3108
9154
2734
1453
6441
9863
4905
8747
1872
9126
5950
7241
7138
7921
1597
387
5420
4640
5149
8692
3364
3185
461
65
4694
969
402
3804
4198
1130
5006
1948
6669
3622
8619
7047
7597
9656
762
8312
3710
9805
7627
9698
1749
993
8282
617
4462
4954
6809
5554
3939
5162
1897
2897
5941
650
4500
9613
563
9494
2368
6478
7130
398
2888
576
4546
1591
2619
6236
9663
7726
1691
8188
2642
8807
2128
146
6194
2235
5443
3840
6284
758
7149
8223
8407
609
6332
400
6900
3674
1295
5104
3134
7154
2795
6963
5622
4196
9818
517
4354
4959
4319
1898
6947
7209
5568
1746
6902
1007
1820
3250
7249
9861
6116
6644
3108
2692
5978
4038
2540
3889
3062
5327
5440
5050
9095
9408
3695
3372
5436
8770
4647
4886
6027
8938
4984
8726
5109
1922
9975
7207
4776
9860
6854
631
3654
1730
4482
4931
7575
7122
8107
5747
9524
2396
9227
4917
5156
9724
9848
7525
9284
1508
1268
9001
1241
4390
6961
2315
8097
8231
2656
254
6193
5766
5454
5129
51
3800
5202
4820
2065
6926
6110
5907
7956
4144
6909
2527
4956
6412
4381
8602
3839
1581
9076
5970
2519
8716
9565
9242
2614
3408
8434
273
7694
3516
6882
4669
4510
7588
3174
8656
2198
6674
9989
7722
9739
3754
4501
3095
3675
2471
4945
7086
8248
9502
5179
8936
7369
1815
8073
6161
6637
1899
6991
2776
6774
5687
5914
5577
119
8070
5600
3737
569
7402
61
144
9758
4371
7965
9284
4397
2786
4895
3180
277
7727
7050
5044
7488
3437
9042
1838
9607
7060
3957
2269
8349
3693
8254
4119
1906
6547
7479
3975
5374
3482
1436
445
8533
7953
1357
7610
8659
4493
7672
557
817
6154
4849
856
4851
7481
3748
5996
9135
4887
5082
8295
5935
6666
8781
4484
6575
5984
9480
3664
8221
9867
1621
7164
9860
7742
2374
6595
2518
892
6700
2846
2504
593
7549
253
1413
4411
5191
7814
2795
2550
6400
3331
4322
9478
3308
9640
4635
9074
2489
5072
1532
977
9724
6250
4783
5128
4583
6805
2150
9450
5048
89
2043
1398
8778
5932
2195
8948
4369
1117
7011
2166
513
6788
9677
1577
4658
9103
5333
1313
3238
7610
5460
2532
7966
8001
5337
9702
8078
6640
4505
1698
4240
2945
7967
4090
8539
7117
2842
7541
6204
2193
9321
5830
9608
4310
6019
5831
7880
1615
3141
8929
3717
6311
9968
945
4582
4729
8935
7322
8374
7656
2641
1752
4154
663
2627
4136
6408
6956
3176
1558
2678
3159
726
8091
603
5655
5508
9444
6207
9385
2653
4590
3488
8627
4084
1403
9285
390
4584
821
6066
7206
2634
428
813
9535
3433
3759
917
4009
7174
4991
5247
8117
2506
3949
8037
6165
3320
6211
3513
7344
1750
4429
1360
3349
8271
7668
5346
8249
4931
2947
9913
3726
6905
8277
7237
7503
3216
7956
2175
9293
9540
751
3560
6404
5674
4620
3432
8151
3252
8222
2213
7306
3273
2222
9337
2355
1428
326
7823
1493
2075
7706
3410
2341
9133
3763
7619
1364
2595
2542
8826
6252
2142
7518
7002
3497
3455
3351
1400
3614
7492
2515
6100
6993
4918
6283
911
4753
6986
4056
5949
743
3357
2801
8453
1362
3205
4278
8065
3808
4211
9512
5501
2556
4045
1810
6577
249
2083
494
2975
2372
995
6075
6640
6163
2928
7959
7001
9582
6748
290
4953
9949
3521
9570
9195
4947
7173
2413
3449
5747
8441
1647
4009
8152
8878
2558
527
9817
257
5144
1072
1396
541
8394
8661
4241
4085
247
5914
4303
8305
7515
3536
6409
7063
1128
8970
9613
3351
7464
2481
2661
4767
5147
3116
8094
2607
4848
246
7233
2257
9237
5775
4593
2520
1228
2322
1019
1044
7330
6962
6800
8857
5276
5370
7327
1524
6131
7441
3327
1073
4213
5551
9657
9378
8311
5831
919
7099
1320
2730
7030
7492
9378
8650
397
3856
4025
8787
5651
1000
3616
1313
4132
6404
7122
7954
8847
8664
5751
800
4451
5100
77
8011
258
6438
1323
2730
1001
4920
9682
6827
7377
5710
2083
339
1756
7044
1824
8423
3738
6252
5055
7431
5453
8792
3765
7581
4348
9179
5115
6159
9847
1638
2539
2629
9621
351
816
5976
8228
8841
4874
3175
6729
9901
6631
9247
3124
6731
2069
9545
1036
4252
8892
3411
3733
927
2324
5911
4071
8254
7339
6516
3849
3483
3082
9225
2476
7042
8604
6034
827
2815
2020
8393
6577
1341
5163
7510
2005
7274
2206
9665
4577
9951
8787
100
1522
5626
2359
5958
8662
6176
2916
4054
7316
6901
3919
7446
5161
4127
5595
4166
2128
1043
4838
2640
2366
5466
5766
529
9781
1103
1703
5221
9690
4643
1738
2917
2693
4767
8682
9842
9076
6714
3853
6353
29
3433
9031
1193
6301
1335
2869
624
9068
1331
1995
3985
3275
4476
4760
6310
320
2184
6441
7188
9539
8350
6550
3856
9632
2984
2441
1251
1695
441
7268
1772
6297
8385
2986
3929
3614
2820
8923
5084
2278
2727
4431
7337
3398
5716
657
7587
1713
9870
1807
8457
8863
3528
6837
5624
1855
268
5582
5102
2361
437
9188
3965
2185
3528
4412
1598
2048
7896
510
1083
5410
9606
6825
6160
2292
5206
5612
6173
4603
4699
3563
7804
9494
1931
5756
3003
6959
4788
9090
6121
8405
1627
4409
4980
5014
7731
3873
6129
3581
1467
6227
9282
8145
1717
1431
6421
2559
8392
408
5460
7565
5725
4425
9536
6651
3704
3361
6957
6064
2722
41
2622
4850
3065
643
9840
7401
8181
6380
8790
1721
387
5361
6847
8679
7179
94
4659
8843
3381
2692
7287
9190
3192
5102
3439
5030
2104
6697
7102
687
6764
1536
228
4549
3110
4769
5237
3420
1113
6774
9649
4591
1695
387
4671
5520
2793
4746
6326
7966
7248
5397
293
8803
6558
1131
443
3548
8557
1495
3710
6797
2365
2113
7405
5958
617
7155
4130
9283
1899
9941
5924
5416
3045
5998
7500
5063
2522
4607
7732
3806
510
8280
1
364
3253
6803
8936
8803
2593
2034
4293
4777
9542
7020
1962
3833
199
2741
2754
7617
6143
8832
3132
2196
7525
9918
7153
3906
1529
9653
2019
7805
1207
9567
3023
8688
5826
3284
5548
4475
3950
2222
7319
9667
691
3129
3166
1603
8699
1092
2969
5817
2391
9807
5176
6811
5928
6297
8375
174
5394
6820
8990
1989
1083
5485
1656
2567
6056
9605
402
9782
580
8732
1559
4982
3729
318
6151
9059
3314
4758
6460
6196
2332
4486
2375
8902
3527
2706
5321
7748
4759
8220
6006
3122
1386
7832
8549
8823
9712
4211
4640
4172
8741
2539
3627
5394
6797
8259
2760
1841
6938
8517
1598
709
691
7316
3088
8530
6853
3600
2163
9983
9186
772
2633
7804
9198
4466
2160
4501
777
7335
6229
9204
922
6339
9179
2867
6535
3804
5938
6488
5281
8201
6849
4156
891
1420
1312
4375
9876
8284
8248
4927
7890
5801
7680
8890
9570
2641
5658
6007
7986
6445
8969
8364
3763
4262
33
8402
42
4334
6614
2915
4121
3707
1203
2097
330
1196
556
2434
8620
8234
8766
8021
6556
4691
2462
4458
1779
2297
4788
5348
1965
8595
3857
3452
8901
4943
8236
9314
2158
2824
1058
8539
4426
7614
5625
5942
5630
7386
7654
9883
5357
6493
4980
3306
4490
5155
3099
718
5807
7007
1743
2418
1343
2979
4049
4761
2277
8771
8978
8821
5779
745
5190
6160
5357
9337
3849
1840
7974
5720
3156
2032
8669
5171
7448
2551
211
772
8839
2760
6425
8371
1536
8695
2414
744
8091
6539
2785
8006
403
4873
4484
4831
1347
7453
7628
8121
231
7012
8243
667
4532
9911
2583
6396
1319
3151
3716
4783
1107
8616
5666
4573
663
5802
8037
4636
4378
8689
6501
7748
6095
7301
4392
2832
6258
8631
4510
6805
4377
4875
579
919
3915
2682
7415
7139
6296
9631
5143
1204
9903
4969
2744
1022
7252
7701
9668
7675
4343
7391
4194
8808
4116
69
2280
4451
9945
5098
8060
5419
481
6765
8369
7064
5151
1588
2641
9989
6707
8015
1873
590
8844
5040
8622
6746
9802
6945
8941
2833
4653
5788
6798
3654
9673
8342
1609
6859
8696
4065
3003
735
4045
1497
3728
9567
1295
7895
6624
4608
7239
6379
3928
982
5552
8881
1849
6744
7459
2471
5833
3674
6824
1164
2038
9785
4986
5681
9557
8785
7956
4700
218
8124
1718
2577
6522
2527
7200
3585
5021
7117
5571
7201
1096
5249
7210
1488
1637
865
7734
2132
4930
3217
8663
9032
6543
6928
1914
295
4932
3925
3772
4105
9795
5496
1569
2358
5174
1672
9734
3062
4345
1391
1662
9109
6539
9284
7111
4080
4843
4683
6560
7545
7623
5820
6901
7568
9157
4417
5051
8701
3925
3907
6260
1760
6987
1175
8177
3292
9332
5262
168
9897
6134
52
8944
9708
37
1704
4360
9168
2140
1404
189
8300
8337
5496
6365
66
38
2759
9983
8427
1860
7233
3899
7636
5799
5888
6576
4158
5551
7093
6906
5675
7298
4423
3917
3237
2957
1054
1981
2594
7681
7216
8354
6594
8475
9340
3645
4981
3628
3578
5916
2471
3756
4067
1194
5383
1244
4583
2993
6767
1594
4066
9343
8715
8232
9562
629
8307
9126
3535
7367
235
5046
995
3179
5851
716
9575
9362
101
1625
4594
6161
1371
7306
1795
4193
9509
6627
5856
9024
6652
6283
4501
6183
4563
9401
4401
5525
9073
1857
1638
3616
3759
5601
8622
7786
1669
4805
293
6305
8876
8047
2574
8648
7944
26
8577
2635
2705
2394
8465
2115
3030
3612
7179
1549
8078
9821
3726
9921
7245
8366
478
6810
8466
9067
1544
7895
7231
9307
6695
7719
9458
4997
314
2780
3616
7563
1633
5188
3964
4401
8807
6210
5747
4591
1381
26
8521
8455
9855
2300
9619
3731
2805
9798
1604
6668
2962
1437
9624
7462
1033
5026
5799
6140
7181
7111
2719
9636
3733
7048
8686
5605
1808
9733
8065
419
4657
8195
2985
5908
6507
349
8660
1291
4042
9012
6060
1581
2494
2077
4769
9646
7385
287
2958
7357
2906
6709
7651
7871
1873
4125
9763
4972
8322
3318
5730
5955
3250
8432
5742
2639
6732
1852
3025
4181
1624
5710
3935
9132
5640
9494
1953
4007
8962
252
6625
9104
2286
2189
5643
5056
4762
6416
1290
8725
232
2206
342
3579
5342
5267
4451
3804
6194
7901
6882
7807
130
4160
9261
1598
81
7421
719
1487
3556
5387
1172
4693
1100
4680
4945
2214
7533
774
17
1810
2232
5153
961
3767
4356
8853
2593
3235
4365
7915
7111
667
7282
3199
5479
3207
3247
4844
104
1260
9958
8548
9443
60
6154
7864
5354
6572
3996
5866
8515
7944
7347
9410
4802
4167
4846
9056
274
7487
3831
4522
5294
6510
4329
1435
3799
4598
7776
9213
5180
8785
90
9656
7168
1086
594
3119
5629
1855
4181
4393
5530
4582
9713
5732
195
971
6087
5086
2056
2377
1236
6214
4876
9490
9939
9963
6396
1171
9097
97
6587
6621
2475
3354
3026
3187
1081
9259
5576
2593
6320
3636
6738
5832
9240
5195
3637
6045
7861
2146
8619
83
1651
8647
7810
5514
7903
6181
2114
9085
5493
1547
4255
355
1037
1235
7217
3267
2835
8019
7932
2422
1285
2341
2855
888
3875
9003
5186
8510
8884
2482
9185
5712
3280
3841
8653
3474
6880
5745
1348
150
5284
4180
7445
4838
6962
6601
6600
976
3209
775
2704
2445
7035
7083
1470
9139
2709
168
6926
7718
2716
5899
4833
3583
4078
6393
1540
7924
4582
4415
1631
8
9721
2543
6273
2892
3955
8267
6762
2872
6201
319
9766
1919
3236
6680
4098
7382
1736
6201
6491
9613
3939
1420
9622
3741
3418
613
7940
2830
4243
363
7442
4254
1793
106
7464
3979
7583
3012
7786
2634
3909
9753
3255
2888
8546
7602
7611
6298
1173
8197
9072
3939
6252
1921
3078
5206
9594
6342
1777
5601
8885
3760
8167
895
988
171
2224
9593
6950
1637
7599
1094
6422
1193
9818
6896
3678
6336
3820
8933
5434
4570
8371
4673
9465
6372
1497
854
315
9722
1502
5725
739
1401
7886
1623
5214
3067
7386
7426
1084
6857
8135
3259
746
7158
7707
9727
415
3050
1499
3800
4638
8768
965
6567
976
5769
6928
3001
7745
3077
1970
736
1926
4355
5986
3714
6435
3116
9261
9099
2246
6393
2867
4953
2611
7065
2163
6500
1004
5363
3507
359
2638
9297
6259
3969
1336
3396
4522
3648
7886
2828
7480
7859
5943
5592
9519
5946
6684
6751
8326
6408
5717
8814
2550
2618
7066
1466
2903
1601
2197
5140
1447
1669
3309
406
594
9830
6399
8905
5580
2190
2861
6728
4473
6155
4976
4171
3498
4735
1346
9880
4675
8998
3843
7008
3376
2039
9615
610
172
3604
3723
9962
2455
6945
2672
6641
7561
6194
7798
5678
9734
6377
1317
7017
8337
4394
3031
7602
9719
3842
6855
9943
4504
2598
3551
7481
7264
9927
9607
9770
4089
8362
6652
6615
7067
8986
3123
2017
7682
3306
6793
2155
6757
3363
6774
8014
584
6218
9046
8840
2907
7331
6765
786
7305
5263
3883
3874
7766
6214
4817
3912
2755
3101
4681
3770
538
2544
7286
9745
5364
3976
1510
3731
1504
913
5783
5385
2847
4252
9005
9646
1999
5218
2471
692
1029
1920
8322
1438
7731
7844
8483
494
7951
1857
7711
3286
9200
7519
4481
9201
7755
2979
5664
3491
2455
5613
1136
326
7581
5718
7043
2964
9132
7907
4732
8700
4396
2577
1066
7749
8868
1693
5965
4247
641
8648
9790
7319
6172
3782
4730
2802
5785
7647
6478
3220
3212
9990
8393
532
6164
4251
310
2781
4202
6212
5183
6711
3093
4713
6404
3364
5385
9476
660
8117
65
2210
7731
3965
7672
2391
6480
5855
570
1061
863
5833
6856
9096
7614
8160
83
9383
1233
8847
3656
5795
4189
6935
4035
4064
6569
2882
9214
9838
9757
9317
441
1579
9104
3587
8074
6796
9643
2656
2659
5948
1954
4207
5138
7954
2728
4665
3707
9852
839
5601
6692
7997
8988
5459
4691
9254
849
751
1380
1613
5514
3807
7416
3796
9812
740
692
6557
1410
5383
5870
1911
6162
7910
6468
2524
9382
5067
9074
8513
456
759
2242
207
6530
6956
81
6899
7957
563
7411
6670
8637
1420
9123
9313
8421
3665
9044
5667
297
3187
6295
4024
5336
3407
5385
9769
1427
4314
1459
6439
3404
4931
4543
3765
545
9078
630
9171
7225
5950
9056
7620
1110
7527
5404
514
7152
9918
4625
9474
1151
6134
8983
9523
7582
6924
5130
2386
233
1532
7278
2419
6156
3526
1497
1375
2023
6742
4602
3065
6477
356
2511
2502
2342
453
7043
7198
5383
3709
533
4763
3070
4738
2652
9993
3528
1776
7359
359
3654
2458
3511
3837
3402
8883
2786
4155
1245
399
4668
8772
31
2737
7321
2249
6586
937
7974
7053
1947
3741
5763
9842
8396
6271
3180
555
1218
5938
8379
35
2409
845
5329
3696
3930
7461
961
4692
7876
2012
7169
2490
4848
9814
3249
9090
4956
2667
4464
6976
9203
2392
7733
8671
9241
1201
8762
6283
1465
7225
1783
9441
2699
5947
9746
9384
2053
6038
3745
6100
4826
3246
21
1698
6733
1022
9315
5194
4971
7851
2051
5507
4251
8664
8167
6933
7845
9140
6867
7726
2908
6354
5868
2163
6814
2206
2781
2757
450
3447
9019
3946
5862
4879
5439
3476
902
7727
8196
7899
4147
5952
821
1321
7578
7193
1827
1484
2611
5979
3395
355
4511
8790
9807
204
8839
9883
6721
5819
7305
6761
4844
4673
1717
6205
8895
5677
1813
4226
711
2209
9939
8854
5923
2650
7974
650
9974
6952
9544
9460
1844
3552
1116
6893
8765
4712
8947
5870
9575
7891
2821
2541
7598
5298
9100
7091
4072
4091
3190
1638
487
8810
7809
2354
6673
4596
5098
7985
906
4503
1989
5561
8206
3928
3332
7218
4761
269
3123
5670
9310
4314
9946
7798
5372
2675
73
24
3752
2145
3102
8804
1148
7393
4450
454
3908
5414
8166
9083
4780
8309
6505
6407
6663
1960
2185
5148
93
7455
2978
568
5171
1861
5698
6788
1088
5026
638
9241
8000
9228
3779
4770
1064
8476
5269
7678
5862
5637
4560
8912
8454
5000
8807
5945
1400
8028
4575
1921
893
3267
6517
4841
8184
1901
6643
6257
2063
3260
7256
6134
2815
5387
3443
7351
5609
9854
7049
6663
9155
8462
6510
2983
8952
8919
6851
1618
3513
1429
9025
2001
4293
7631
2710
3382
8281
9327
6733
1119
8752
8729
213
3017
2198
1968
2515
1018
1502
4713
7823
6171
2713
9677
3301
4057
5516
47
8064
5844
6270
6715
2433
4586
6795
512
6988
2341
7770
4176
4471
540
9902
6663
2434
1811
1810
5058
3033
7998
5271
7343
8755
3227
358
8293
4587
5113
8265
7507
2500
6432
2118
1739
3436
3545
8259
6139
6018
750
3652
2294
2213
7427
8668
3239
4806
5668
6829
350
1581
3501
3508
367
3110
8947
5713
1288
5953
6338
6648
6096
5491
9931
6225
4814
7655
829
4780
3840
3987
2567
1354
9629
5069
5359
5011
9247
8853
6140
4272
9582
6285
2162
1973
3971
7305
9337
3397
6746
2815
5556
4955
550
2486
106
631
9457
7043
4669
7899
8491
9050
7272
6427
2768
4325
9788
5725
587
3272
1674
7167
3411
8958
1757
3387
960
555
1002
8323
7324
331
2399
670
6645
9489
3883
4271
1090
2934
4008
7890
6304
7275
6783
3344
3464
2045
395
4305
3839
5150
4997
944
9458
3170
2973
5810
8755
9850
6774
7382
8622
6616
1786
5881
4340
9492
675
7917
5107
7614
4478
4622
8370
1586
3907
8134
7631
6473
6023
3986
362
888
4311
2869
6750
9890
8117
4427
3775
5777
6317
1887
83
8104
634
4515
3376
7839
4390
2643
3725
2119
6212
2103
1792
6401
1155
2313
8580
4582
964
7935
4122
2873
2516
8134
3317
3742
9862
2796
2276
9814
8862
4451
9912
6935
3718
6811
2872
3313
9750
9196
7793
1522
2523
8886
4543
8158
8089
9014
6623
5442
9004
6100
2131
2701
4463
1561
346
5784
8416
996
5127
1185
6436
7708
6897
8516
4441
3181
3840
1321
7925
3182
8683
7375
668
8662
8272
9765
3480
5323
4523
3065
6193
8696
354
1128
6499
3868
910
8289
2954
5241
6448
2524
2812
661
8883
2600
6519
5813
3025
9193
7312
7110
8030
7202
4907
4664
4864
796
8308
2893
7323
5318
8798
5340
6110
5443
6236
7188
8999
8017
5461
5661
1532
8220
2592
3100
8886
4413
3679
4103
4004
7981
9012
1741
9903
3317
7329
3622
5887
8281
7794
9361
5874
7699
7712
416
1265
8543
2814
3627
8373
3147
9684
2558
3699
8518
7269
7147
7748
418
160
5572
8771
5175
7617
3011
4419
4505
588
6041
6185
1425
4388
7483
2100
6375
1403
4454
2245
5232
5736
4168
856
3719
8890
8813
383
9345
8443
9962
9068
5721
7121
7057
2996
4517
6626
7842
1522
7446
1319
3747
4368
4704
3820
5358
7219
6234
7438
1840
4365
2757
4076
222
3073
9342
3151
5219
8555
1848
2027
538
1186
7898
623
7159
485
2297
8627
5677
725
5826
3982
1141
4730
2147
5305
6755
2574
7762
3834
8096
5440
5798
5093
1522
349
1775
4067
1337
8329
9123
6013
1664
6350
4979
9146
2761
9166
7332
1182
1242
6383
4260
2338
3119
9313
4817
8025
8441
1344
2988
2830
4119
6643
7908
4638
9099
9820
6205
6793
865
4059
63
3128
990
9558
1896
4079
6071
1559
4293
7342
6539
9945
7482
8427
4100
694
6540
4912
8381
5159
1514
5430
3991
39
9639
7253
3435
6042
5767
613
3556
4076
1329
5220
5355
7726
5110
3908
8126
2415
819
180
5834
1812
2796
3013
6846
1292
1578
6897
444
7255
6370
9435
9265
4948
7037
6541
5708
9655
6166
9049
657
7175
1300
3025
8893
5907
7604
9946
8577
8038
9879
8301
5570
3823
3891
8692
4148
8231
8831
2616
2771
1861
9711
4433
8049
4958
4670
709
6483
8451
7045
4282
1722
6212
4275
850
1403
4348
9808
9156
3582
5938
2592
5140
300
9270
7460
9243
1522
8324
7348
4039
2633
3819
7348
9493
8808
3369
9897
6041
8321
1473
7205
8297
3066
6638
2679
6151
1429
9807
7310
1524
5281
9660
1807
5373
618
1225
1060
3817
550
9670
7993
5216
7238
5550
5032
9265
2989
7547
4689
6641
6021
128
4672
2188
6734
1972
6818
9782
1244
8593
8344
9259
2037
9019
5658
5514
6462
5937
7524
5004
5882
3619
4636
6993
6809
474
9352
21
1351
3697
8698
7173
7076
4110
9425
2842
2614
7284
8930
9991
1655
8411
1927
9338
467
53
3837
9393
5049
6222
8779
1606
7904
6589
5486
524
6659
2575
8149
4602
8848
7740
6582
7395
1946
2483
5730
378
2382
9559
4676
5689
9747
1241
1251
7666
7565
3424
2784
7482
2467
7572
8118
1194
5263
1512
7400
5320
1272
1948
5366
6468
9309
1405
5774
2496
700
7495
8664
8742
1347
4903
3685
9536
2941
7196
3081
5734
8594
9906
8354
696
8916
4185
4972
2136
5965
5880
7737
8187
8092
9211
5524
4340
7090
9953
7885
829
4424
736
1327
9944
2364
511
5757
9982
8487
9544
6463
3569
7811
6153
5837
325
1009
868
8730
950
5812
1986
4666
2979
8406
4919
5261
4638
982
2483
9283
1453
7963
902
5536
1552
5312
3525
7776
7057
5564
5649
8147
1115
9241
4671
8027
2527
6469
917
2350
1130
3853
4580
9389
2679
5070
1471
877
7201
5796
6228
4356
1548
1322
3709
5820
4177
4175
2785
6703
5186
1001
9319
9903
6234
2235
9143
7341
1948
8162
4544
8737
9467
70
5833
3810
7524
5224
2968
8224
6590
1927
2453
9585
7292
3251
6017
3899
4234
4383
5275
6985
9609
849
2162
102
6130
599
5421
7111
8020
9123
8769
6559
6595
2050
1186
5003
1746
9448
9293
8032
121
3421
5903
3354
5335
1308
7833
910
1494
3733
3340
1226
5109
896
4469
986
6964
7457
2157
4983
225
2736
728
3068
7405
4237
3893
8253
566
8236
8735
9029
4181
805
3752
2151
7534
7301
2979
9523
1401
7298
6789
617
7165
6188
3821
9410
4073
8652
61
17
4786
9619
9698
875
8082
9404
5123
1096
3321
1731
5945
8233
4697
1096
8546
1784
848
677
4345
5050
8119
4317
810
644
7185
4656
8918
926
7944
9299
994
7059
1168
4387
3804
1776
8516
4697
8386
5270
9681
6963
2588
1566
8597
5970
65
4626
4834
6153
5685
7639
4734
5619
4380
9586
5610
6477
5511
7853
2287
5490
4354
8655
9748
3230
2819
4724
1173
1344
7448
6264
7599
5665
7723
7974
6587
1922
4042
271
9521
4287
6763
5954
4377
8773
3783
6283
5432
6404
6878
4714
1395
6768
6981
1219
9925
2600
1624
1441
9302
1860
8606
3593
5703
5176
2541
4628
7183
5892
501
1147
1658
657
324
3097
8917
9003
6341
8099
5469
7441
3332
6675
2146
7881
5197
6001
3096
9479
471
3869
8885
1571
2292
2134
6204
8789
8895
8200
2035
6808
457
5898
7304
5431
447
3892
7092
9425
4808
4259
3234
8592
5532
9901
4852
4622
1163
7672
4781
4083
6933
7897
1641
1195
3402
8848
8634
5544
5901
1480
8273
4510
5685
3906
510
7279
1848
5181
9966
3845
5401
9312
7907
967
4183
1174
4457
6453
5317
9876
4124
6780
4618
8048
3013
5829
9148
1577
4216
9053
1442
1697
2617
1578
2997
843
1726
1250
1592
2678
2250
8671
1702
513
9908
9547
8468
3952
3254
7414
5014
6347
3967
1833
6438
4825
1663
3905
9518
2967
7651
9647
2605
206
5274
2563
1421
3445
5574
1332
6599
9114
3496
9523
2114
5713
6875
8345
1936
4256
4070
8226
1255
8100
7475
5482
7580
1049
9744
6692
6041
6935
9494
4178
3762
149
6
6658
8740
103
1355
9831
2313
756
1749
899
8729
1842
6302
5554
7405
1210
6184
4782
2946
5496
6896
9446
8742
9593
6845
9313
5971
6147
3959
3048
6912
2702
6700
1300
2971
4681
7260
9241
8002
1813
7968
52
1205
9970
2336
8350
1003
9985
8748
320
6091
8885
1032
1715
6791
3443
9428
6029
1689
9587
445
96
9169
51
8900
2001
9999
5917
3933
3717
4132
5924
6685
1211
5820
4597
9139
2548
6776
8733
7377
4062
9511
2599
8424
2278
7263
7965
5181
1901
6694
4482
467
5664
4871
1632
6202
4447
8699
6190
5538
7467
4197
7707
6629
8374
1532
6217
5381
9368
9107
7648
4800
3729
1600
3086
466
3701
8676
2942
1178
1115
7243
6271
3908
6568
3195
764
6433
7804
5403
8660
4806
492
1672
5726
4308
8044
399
6284
3175
104
7987
9772
9113
9670
88
3107
4589
1477
2573
1740
1907
4812
8112
9096
6503
7683
8778
2792
8304
9032
3820
2604
2062
3176
4582
5034
1408
2430
3592
9498
3833
7724
4991
566
3005
8266
9304
777
9672
8364
393
4378
6499
2327
8613
9493
1551
127
1991
7481
3776
493
1084
7480
9980
3899
2622
6475
8741
963
8236
2981
3191
3214
4586
2389
5760
4249
3401
6474
3475
1783
3347
5224
3508
5781
3930
9443
2197
4110
1059
6446
2213
5040
814
9038
9642
6595
6738
4468
843
1624
311
5937
1629
2917
5094
4927
1317
49
9735
2506
2678
6395
6198
8599
1348
6151
3968
3809
349
5175
6661
4463
8053
5521
5491
9008
2291
5301
3224
9502
1097
1411
7904
4565
2368
7181
6526
4025
5942
4902
3047
9488
1641
2219
2411
5888
3824
2626
1875
7244
8880
3345
6591
1238
8126
9388
5797
2634
9843
7176
3834
3908
341
4012
3244
1267
1186
3995
4858
6418
4584
3846
3233
5865
1846
834
4507
490
7188
268
7616
2457
1606
5208
8263
4232
3933
6983
3077
3986
9684
137
8831
1180
1331
7179
6488
1441
6166
2720
8758
5806
1311
6461
8682
3990
2772
2662
5791
17
7530
871
3323
3100
1998
4131
2847
9730
9323
8186
9867
4
4756
9154
111
3009
2357
3369
8930
5640
3880
6265
9116
2885
2851
2997
8465
121
1638
4263
2582
3414
2439
6156
2793
2990
2492
4524
7595
8696
5191
7187
4257
4482
2505
4937
1544
9013
4327
5140
5765
3093
7902
1261
137
1189
6229
644
1459
8426
9085
8240
7882
1900
5712
2582
3832
8023
3240
8635
831
9388
4143
1036
2454
1283
849
639
7141
6845
3830
3852
7385
2904
648
2736
6635
1255
17
4490
5627
3758
2867
3534
3924
2265
3953
8227
6789
392
7724
2356
1662
9499
2620
4812
5146
5771
1265
1018
2692
1733
3384
3899
3765
4040
666
7191
8143
5191
899
4716
1304
8529
9498
6225
8275
6868
816
7211
2420
6169
6329
3436
5635
3600
663
4153
4013
1967
3890
6369
4018
3468
8274
6018
1401
6015
6831
7397
1663
7983
3757
8480
656
5443
7658
2597
3754
1508
9620
5506
2070
8514
6741
5937
750
1254
2216
5777
8464
1976
1995
6302
5160
4940
3557
9305
3779
5962
6224
9318
176
2175
772
5042
6246
2990
3258
4867
8112
4286
877
6218
9588
6098
83
7002
1558
8455
3837
1616
5373
8821
1096
7810
2932
5712
6400
2597
9634
2748
2099
4441
2550
5701
7853
852
9231
3648
1690
7781
2756
1659
9797
87
8028
4415
1318
653
9513
6243
3168
990
8785
8146
9382
1358
7047
3349
6361
5316
601
7499
5165
3821
3296
4195
2539
3338
134
6905
2866
7231
5697
291
1332
7005
5927
5439
8794
954
2584
3579
2180
4490
3137
1257
7050
8910
8928
7593
422
4350
8040
7035
67
2405
2166
6304
2196
1607
7619
635
6959
2184
7451
7635
3776
1272
1751
7938
9700
1145
5642
209
7894
9982
6049
3004
2513
6936
727
385
1656
2513
3730
3867
4585
9850
932
1329
161
7072
9886
155
8577
4650
6843
1660
1075
8565
9626
1001
943
996
2428
5385
5809
6788
970
6485
3670
8914
5182
5994
3866
5236
5713
2065
5095
45
6183
6438
3870
5087
5589
1796
7096
8167
4271
3524
2882
2413
6391
5066
299
7166
1923
5680
2830
1066
6333
4979
3192
8107
3545
3762
1233
3599
5
4545
3441
5567
3092
984
2607
270
4855
7547
9561
2873
1109
8159
4041
8823
7619
1580
3971
8497
3142
2306
8632
2637
2455
2274
9767
2173
3537
3275
1926
6205
8996
1946
4933
3806
4853
4955
3451
2226
3314
3503
1252
4137
6753
1013
3573
8326
1458
3353
9701
4152
6045
4949
4845
1434
9022
7778
5844
6743
3830
731
6992
8882
5393
3557
582
8334
4554
8933
8866
2056
6064
4145
6088
3309
5641
6930
1379
2384
851
9024
6268
6867
2896
2031
1387
1269
7631
5801
8621
1401
2040
1466
6106
830
5494
840
3410
7429
5472
2570
6877
4714
2903
5806
4431
6238
6742
2930
6383
2969
6907
9407
1866
7417
9704
8383
108
3822
42
8141
9956
7814
1087
8232
3616
9869
2246
1478
3316
9666
8874
6538
9332
9438
6365
5825
6294
7150
1697
8892
2393
5950
273
9762
8331
8598
3962
7603
5070
2562
3329
6861
3490
9188
6288
5591
902
2509
5424
1878
4557
1084
888
6189
9622
1469
1179
4122
9849
4464
7637
154
2923
4876
1093
1441
5641
1687
2896
6677
6773
5997
5307
9607
2268
5732
3030
7118
1006
2991
1204
9099
6747
8657
119
7734
1484
4028
1828
3165
2239
6615
7942
6511
2070
9407
616
5805
2092
5779
6905
1077
9375
9565
1683
3589
2314
747
1278
478
5418
9606
9080
9928
3034
5150
6556
8129
1895
6602
3478
6071
4094
5785
6216
1656
5311
4923
2238
1703
6304
7568
1391
3642
6842
7501
1920
8110
936
9148
689
4568
2484
7095
5205
5768
1657
3287
3805
8279
8120
8084
8395
9861
9598
9510
6950
5023
5683
7512
6377
1492
374
1003
36
3310
8449
2873
258
1486
1987
7444
9679
1540
3307
8967
4008
5701
6428
1238
987
90
3704
937
8114
6770
4903
9882
4183
9859
6941
9943
8329
7797
1392
8579
6449
7951
5643
1465
9324
9490
6265
9750
3063
5613
4378
6489
3575
5706
3978
4846
6161
1254
1015
3620
9600
1656
4662
5339
6610
1967
9794
5787
9553
4239
8829
6641
3464
6229
3439
3836
4914
1695
4833
7979
2330
9176
2793
7811
7049
3230
6744
9140
1441
4029
7076
6655
8022
4708
5829
9925
3207
5566
2822
2485
7932
997
2483
2703
7607
4236
3051
745
8584
1062
6730
9938
2682
9551
540
9185
930
775
5189
4535
8331
8485
6789
4653
2237
2514
1716
5931
3138
5142
5781
8137
787
7996
8768
4170
7279
7250
4415
7759
2213
6043
2316
4609
287
5497
6482
1822
3913
8040
3138
8396
4991
5057
9754
3882
4627
924
9541
4716
6397
9527
9164
1570
5686
4119
1083
6059
4672
6345
4725
6927
7407
7336
5623
538
3527
2153
6806
9515
1447
88
1218
4922
8046
6920
6038
9923
8649
9200
651
4215
273
3370
1884
6148
3504
9246
7594
9226
2153
6233
2944
2228
7811
878
3337
5204
2975
2655
6496
558
9932
2455
2145
3944
605
8113
6848
820
1962
7294
9384
2846
9237
5729
6459
1341
9987
9523
349
9576
6334
1827
7691
9602
7180
2587
632
8872
566
6780
8897
6390
4979
2951
2369
4164
5150
9096
5834
2216
9201
1874
9919
1362
9978
4162
9396
1276
5188
959
4632
2376
5636
4965
4896
5966
3290
966
2819
8124
9230
8281
6731
4748
745
1957
6922
4862
9688
6291
7413
1328
5510
8224
2922
5498
8638
4509
364
5773
5692
7788
588
2359
1684
4136
1720
9831
3413
5564
914
656
9650
9056
7300
7509
1816
2358
60
9963
7424
1478
2489
8321
378
3920
9135
6728
1518
4793
1805
7099
3238
564
7079
115
1389
2157
8359
8207
3597
8574
4362
1472
8516
5223
7687
7004
5476
5906
2104
4176
8187
1589
9088
8870
4587
4026
5985
2749
5123
2509
6401
7281
2240
6954
8803
9108
1159
5255
5552
6508
2187
5572
5496
1756
3103
1414
251
9447
4514
4019
149
3535
1259
1117
4050
2518
1063
7170
4682
7522
5698
6205
8278
8996
9439
7169
4597
782
9836
2331
904
9816
8242
89
4236
9201
9070
122
3441
2497
9558
2862
7695
2707
3699
4693
1571
9700
8213
1668
9182
4720
6466
9681
5769
8661
55
2370
9026
3596
9762
7702
6037
4800
9869
9886
8587
8540
2068
5491
4642
1408
9850
6886
4309
951
3054
9691
4378
4690
4127
2039
4982
2653
9646
1836
4162
7060
1973
2502
8993
19
2391
6850
3688
6241
9932
6494
4692
484
3569
5549
2842
9521
9030
8567
6752
1697
2537
9912
1596
9599
4930
3324
6504
4713
6347
9238
3407
9569
7877
7142
8142
6967
2866
6080
6648
2009
8384
7212
9165
4767
2709
6084
7023
2401
2334
4841
4512
1513
9735
9504
8452
7756
9957
3126
1892
5065
9138
2282
7220
486
1598
7748
8546
4220
5785
4618
4542
5184
4181
2803
9830
8464
5303
8096
7060
3986
8532
2080
6316
6282
1392
4113
1832
7315
9370
9624
6297
7240
9191
8478
4785
5128
1971
8748
2682
5719
5417
669
4399
1622
4330
5069
552
6328
1509
9489
1266
4125
7596
2008
2805
5593
5976
7154
1725
9037
1332
5006
709
723
2320
8025
5631
9971
9391
9853
785
5409
367
5705
9587
6157
1354
6727
5792
3898
8648
9676
5965
807
5974
9267
2847
4077
5720
2395
6497
8858
703
3699
2060
5605
5687
2906
8877
7375
3950
5543
9113
3808
702
3638
1266
6811
8938
8412
2211
6817
4002
1756
5708
3369
8730
9125
6741
4386
5446
2073
9410
6494
9574
3775
4296
3900
1027
774
5321
8496
2370
9473
6284
1477
5994
5090
1279
5702
8076
547
6337
5195
1620
8834
7312
8755
2010
3038
5418
5770
4802
2723
1870
1524
1304
8418
5187
2727
2741
258
1340
7282
4377
7419
7591
5453
8118
4027
989
5397
435
703
4723
9868
5834
9122
1230
2970
7808
8059
4700
5338
2934
4006
4030
5544
973
4049
8618
4404
5398
6136
4131
7980
7804
4752
4819
9976
8722
1268
6145
4910
4910
2400
5390
1915
7534
9313
9300
4630
9754
8290
2777
1382
5471
5519
4363
3657
7866
5587
2959
7344
8814
5373
3440
2213
5884
2874
2496
4863
542
7185
6424
2727
1173
190
7171
3391
6885
5546
8932
7285
7215
6862
302
5731
4578
5973
1718
6489
5786
1868
6320
599
453
2092
9174
6068
8989
9945
5208
144
9245
1462
1631
4781
7790
8533
4344
4907
1318
5600
5400
829
6542
3895
7898
8352
3827
3905
5912
8315
8428
3164
7287
9688
8574
5805
6625
8353
3044
5887
2579
9680
5491
8463
4791
1746
263
2138
1023
1380
9367
1284
7572
7925
7604
5832
7932
1511
1658
3215
695
8731
1898
1131
65
9361
8942
8127
3110
3698
9891
8062
4216
7637
5149
4254
904
6450
6997
9608
8578
2023
9086
3960
5808
7240
9758
1606
2660
8744
9074
4058
5230
9062
4585
4272
7638
8832
3415
2350
2246
6142
3062
4233
8058
1483
735
4265
8966
2027
8981
3548
4193
402
7827
2273
7874
9256
2763
465
5624
7116
8125
2157
2913
8722
1561
6163
6404
7081
7343
8730
4945
9451
4920
6880
993
3054
364
4304
4768
7871
9907
8517
7148
7349
2440
5579
3428
6133
1467
8703
410
7788
3931
95
1075
9140
7035
7466
8967
6063
8791
861
5739
2614
5933
8467
6812
171
8177
5501
4626
5118
2876
2820
7081
6114
782
8945
5092
575
4702
577
1665
4271
1163
953
9088
3870
2497
228
6500
1174
2641
8635
9721
1788
3729
8088
8462
2481
2985
7531
984
2025
3822
2385
9101
6286
7687
7570
6071
8406
8134
1418
6999
1678
340
2301
676
2827
2785
8505
4278
7822
7025
4033
2087
2200
9295
9955
4318
8168
9123
8043
9938
901
2758
1267
9499
1582
29
5600
6767
9671
5313
9291
3047
792
4012
5093
1947
8529
5596
752
627
64
9563
1349
3517
5246
763
1251
1622
5882
1645
1357
6512
257
3812
9176
5189
1643
4838
9497
4895
8924
9936
8035
9356
5246
4981
4541
1123
1504
9224
4769
7969
7094
5821
1574
8999
5958
2942
3756
407
3517
7183
554
1031
2914
9130
2485
9052
1247
738
5869
7981
3363
5650
5839
14
7586
6092
3108
9228
915
7450
9711
714
6339
6891
5281
6252
1128
621
4999
8911
8261
6969
4774
3221
6058
8605
7484
750
5434
1604
8143
6159
3771
9932
941
8562
6031
16
1582
6106
466
3577
5465
1376
9187
9502
6496
8987
9707
8971
1375
8843
9674
9575
9158
7108
5684
5684
4872
8229
1839
8279
4388
2588
5184
2983
6953
9966
2619
4364
1089
3717
1487
9216
771
2051
9611
5928
8559
5747
9016
7791
757
3763
2421
4033
8197
5209
5943
6723
474
5697
1428
9030
7781
1432
6216
6321
1492
3865
5829
6732
7281
951
1125
6656
8551
779
6678
3948
6448
532
2337
2618
5641
6115
8534
7769
3003
9632
9090
9300
6607
7800
3425
8775
2051
9656
8384
1345
5689
2803
1620
4276
3345
8246
566
586
7531
3837
9670
5906
4979
3562
2893
5460
7302
5760
5006
5707
2961
4254
5737
8045
5193
8988
7092
6806
6209
8753
9997
8819
3913
4628
4739
4090
4408
6949
4326
1605
5022
9373
3106
331
5555
687
8849
5951
2879
9891
3466
7060
2215
4649
7457
338
4039
2908
8786
2045
8322
4259
2936
3154
7898
7696
2320
6585
8528
6551
7997
3143
1487
4519
4319
7323
1681
2740
5624
8644
8348
1891
3870
4380
4264
1644
6843
7099
6871
5026
6374
9816
5385
7307
1102
6629
5255
361
5558
4060
9550
8580
2955
5864
403
8576
650
6374
6984
1832
9928
9928
5048
146
9210
4536
9995
3698
3452
7126
7733
664
5251
9977
5412
5279
7861
1732
4105
4717
5444
4562
5623
4553
9091
8257
4950
8039
4714
6581
5282
7760
6878
629
6155
9671
3469
6919
4029
8432
3120
8598
2451
867
1996
8641
6891
7037
8005
1444
7919
5267
285
4922
3694
931
535
3827
3217
7351
9073
5318
4075
8895
8138
1192
6125
7943
6748
2985
4314
5392
3568
6257
4069
1220
1130
7992
8900
3846
7419
1171
8392
9817
8902
9196
8092
6092
8730
5819
1287
1463
2773
1502
5775
5380
2762
5688
8028
7103
5801
1669
1926
7726
6785
6171
5230
3840
1557
5213
3187
8101
4849
6267
762
4748
5899
9597
5284
116
8683
5593
1614
1685
7096
3305
9507
4044
8668
8407
1649
8765
3602
1152
9262
8915
4974
2452
5009
4849
8495
4800
2493
709
8685
4457
3364
583
5838
8541
5571
7726
3725
5967
9514
2200
7357
4541
5852
8141
4348
1500
6019
6419
7096
5843
829
2609
9871
6423
6698
9153
2362
7522
347
811
9989
241
2208
3293
6199
5752
6830
3179
3309
7663
4478
5139
8212
1255
9512
1764
3880
6188
7280
2077
261
5012
2800
5075
9064
3147
6802
7870
87
8300
4962
3411
9389
7410
9029
8587
3622
4115
6391
805
9271
3374
532
5243
7494
561
8603
403
6682
7282
1523
1537
449
4385
7531
2674
6073
4468
9839
4640
9016
460
1981
2788
8707
6062
378
6399
7419
5167
2348
6721
9564
1258
2526
1540
2073
8880
9681
1931
7129
4343
2574
9566
4087
3822
2044
8678
6769
8037
6375
8307
2269
9440
754
2245
4040
8359
4156
4817
7261
699
7725
115
5064
7818
3335
2048
9349
6180
8779
8323
1220
9982
6740
4455
4990
7755
5917
5002
8651
606
4540
6898
8741
9973
8682
6243
849
4838
1294
9930
7032
2701
1691
4325
6726
9145
8532
1584
8140
9319
2586
3857
2241
8727
1746
3762
2177
2760
3852
3838
2608
6782
7960
51
1357
7768
3333
5395
4221
67
4392
2969
4643
8831
3747
4984
3623
8236
9601
2682
2435
6876
3906
4946
129
8058
7346
5244
1591
6198
2023
2095
6848
2443
472
6463
3534
6184
9676
2945
286
7970
8923
1850
4530
5935
5783
5384
3750
4360
4705
512
7651
9484
2162
1796
6191
197
4025
7912
2725
5849
541
4354
7580
9598
7806
8635
797
8134
212
5241
6593
4116
4586
325
5422
1248
7144
6747
4508
1186
7587
1408
7091
1425
46
9764
4439
1537
1341
4609
5867
2138
8546
9336
6050
6564
914
1101
8687
6690
7101
9830
2713
2893
6874
5877
6132
908
745
7460
2274
5016
2116
1004
2168
1490
4427
5102
5166
4663
9983
9842
6045
6715
7873
3937
4377
4748
7571
2313
5642
8610
9454
6205
9579
4759
2542
8323
4740
4375
8629
3198
2826
4183
1609
3414
4594
6084
8619
7927
1279
3776
442
5150
7767
2725
1623
453
4672
3750
9111
118
9507
4149
8371
4383
5266
9765
1578
450
7545
7614
6485
5542
3716
8828
7983
3267
3821
595
259
8548
5802
2739
4232
5870
5111
7362
1977
2000
8792
6839
7244
5619
3069
8386
7645
6191
1251
7731
9930
956
7504
3393
5897
7284
8710
4493
3406
8014
474
800
4075
6980
1608
2842
6076
270
5132
6905
3890
4692
5117
3606
6700
510
4530
7345
9011
3442
3494
1643
8766
3550
8504
78
208
7054
776
4786
9806
6079
6446
8097
6034
2509
356
2077
443
2158
1088
7384
5073
4990
3044
1074
4641
3369
753
5771
6254
1384
7693
6486
8448
4382
5751
7493
3829
3853
1593
8764
9989
6364
3261
6130
8950
6723
823
954
9971
2174
8185
3041
6993
3743
7659
1639
5708
5081
8193
4105
1954
3017
7908
2853
5486
3276
9679
5561
4260
5451
4139
9962
9900
8552
872
4360
4638
5576
6146
7583
4415
7978
565
3927
5179
2667
5384
5808
347